# 2024 Italian Grand Prix — Qualifying
Circuit: Monza, Italy | Date: 2024-09-01
Compounds used in qualifying: SOFT

## Best Qualifying Laps by Driver
  NOR: 1:19.327 [SOFT] | S1 0:26.492 S2 0:26.579 S3 0:26.256
  NOR: 1:19.401 [SOFT] | S1 0:26.400 S2 0:26.748 S3 0:26.253
  PIA: 1:19.436 [SOFT] | S1 0:26.407 S2 0:26.643 S3 0:26.386
  RUS: 1:19.440 [SOFT] | S1 0:26.296 S2 0:26.844 S3 0:26.300
  LEC: 1:19.461 [SOFT] | S1 0:26.373 S2 0:26.732 S3 0:26.356
  SAI: 1:19.467 [SOFT] | S1 0:26.223 S2 0:26.823 S3 0:26.421
  HAM: 1:19.513 [SOFT] | S1 0:26.428 S2 0:26.672 S3 0:26.413
  RUS: 1:19.569 [SOFT] | S1 0:26.349 S2 0:26.836 S3 0:26.384
  HAM: 1:19.601 [SOFT] | S1 0:26.381 S2 0:26.765 S3 0:26.455
  HAM: 1:19.641 [SOFT] | S1 0:26.407 S2 0:26.855 S3 0:26.379
  VER: 1:19.662 [SOFT] | S1 0:26.389 S2 0:26.656 S3 0:26.617
  SAI: 1:19.701 [SOFT] | S1 0:26.258 S2 0:26.934 S3 0:26.509
  LEC: 1:19.704 [SOFT] | S1 0:26.438 S2 0:26.822 S3 0:26.444
  NOR: 1:19.727 [SOFT] | S1 0:26.395 S2 0:26.865 S3 0:26.467
  SAI: 1:19.799 [SOFT] | S1 0:26.348 S2 0:26.942 S3 0:26.509
  PIA: 1:19.808 [SOFT] | S1 0:26.434 S2 0:26.822 S3 0:26.552
  VER: 1:19.874 [SOFT] | S1 0:26.442 S2 0:26.853 S3 0:26.579
  RUS: 1:19.877 [SOFT] | S1 0:26.463 S2 0:26.881 S3 0:26.533
  NOR: 1:19.911 [SOFT] | S1 0:26.484 S2 0:26.898 S3 0:26.529
  LEC: 1:20.007 [SOFT] | S1 0:26.475 S2 0:26.921 S3 0:26.611

## Theoretical Best (fastest sector per driver combined)
  S1: 0:26.223 (SAI)
  S2: 0:26.579 (NOR)
  S3: 0:26.253 (NOR)